---------------------------------------------------------------------
Depth         N=0          F.R.E.        N=1                  F.R.E.  
---------------------------------------------------------------------
 1              1        3.000000          1                 3.000000  
 1              3        5.000000          3                 5.000000  
 2             15        5.000000         15                 4.600000  
 3             75        5.240000         69                 4.739130  
 4            393        5.366412        327                 4.871560  
 5           2109        5.446657       1593                 4.935970  
 6          11487        5.517106       7863                 5.002289  
 7          63375        5.566154      39333                 5.048967  
 8         352755        5.608258     198591                 5.088433  
 9        1978341        5.641695    1010517                 5.120170  
10       11161197        5.670275    5174019                 5.147039  
11       63287061        5.694406   26630877                 5.169660  
12      360382215            -     137672583                     - 
---------------------------------------------------------------------
Nivel de  |  no supera             | no supera                    
superacion|                        |                              
de estados|                        |                              
