-----------------------------------------------------------------------------------------------
Depth         N=0         F.R.E.         N=1            F.R.E.           N=2           F.R.E.
-----------------------------------------------------------------------------------------------
 1              1        2.000000          1           2.000000            1          2.000000 
 1              2        3.000000          2           2.000000            2          2.000000 
 2              6        2.833333          4           2.250000            4          2.250000 
 3             17        3.117647          9           2.222222            9          2.222222 
 4             53        2.962264         20           1.850000           20          1.850000 
 5            157        3.076433         37           1.729730           37          1.729730 
 6            483        3.002070         64           2.000000           64          2.000000 
 7           1450        3.052414        128           1.992188          128          1.992188 
 8           4426        3.018753        255           1.925490          255          1.925490 
 9          13361        3.041314        491           1.908350          491          1.908350 
10          40635        3.026184        937           1.923159          937          1.923159 
11         122969        3.036318       1802           1.946171         1802          1.946171 
12         373373        3.029523       3507           1.927573         3507          1.927573 
13        1131142        3.034075       6760           1.923077         6760          1.923077 
14        3431970        3.031023      13000           1.934077        13000          1.934077 
15       10402381        3.033068      25143           1.933699        25143          1.933699 
16       31551133        3.031698      48619           1.928402        48619          1.928402 
17       95653493        3.032616      93757           1.926960        93757          1.926960 
18      290080335        3.032000     180666           1.931182       180666          1.931182 
19      879523718        3.032413     348899           1.932766       348899          1.932766 
20     2667079286            -        674340               -          674340              -
--------------------------------------------------------------------------------------------------
Nivel de  |  19: x > 479001600    | no supera                   |  no supera
superacion|                       |                             |
de estados|                       |                             |
