-------------------------------------------
Depth         N=0
-------------------------------------------
 0              1
 1              2
 2              6
 3             17
 4             53
 5            157
 6            483
 7           1450
 8           4426
 9          13361
 10         40635
 11        122969
 12        373373
 13       1131142
 14       3431970
 15      10402381
 16      31551133
 17      95653493
 18     290080335
 19     879523718
 20   -1627888010
-------------------------------------------

-------------------------------------------
Depth         N=1
-------------------------------------------
 0              1
 1              2
 2              4
 3              9
 4             20
 5             37
 6             64
 7            128
 8            255
 9            491
 10           937
 11          1802
 12          3507
 13          6760
 14         13000
 15         25143
 16         48619
 17         93757
 18        180666
 19        348899
 20        674340
-------------------------------------------

-------------------------------------------
Depth         N=2
-------------------------------------------
 0              1
 1              2
 2              4
 3              9
 4             20
 5             37
 6             64
 7            128
 8            255
 9            491
 10           937
 11          1802
 12          3507
 13          6760
 14         13000
 15         25143
 16         48619
 17         93757
 18        180666
 19        348899
 20        674340
-------------------------------------------
