11 4 2 7 1 B 10 15 6 9 14 8 3 13 5 12
5 7 3 12 15 13 14 8 B 10 9 6 1 4 2 11
14 1 8 15 2 6 B 3 9 12 10 13 4 7 5 11
13 14 6 12 4 5 1 B 9 3 10 2 15 11 8 7
9 8 B 2 15 1 4 14 3 10 7 5 11 13 6 12
12 15 2 6 1 14 4 8 5 3 7 B 10 13 9 11
12 8 15 13 1 B 5 4 6 3 2 11 9 7 14 10
14 10 9 4 13 6 5 8 2 12 7 B 1 3 11 15
14 3 5 15 11 6 13 9 B 10 2 12 4 1 7 8
6 11 7 8 13 2 5 4 1 10 3 9 14 B 12 15
1 6 12 14 3 2 15 8 4 5 13 9 B 7 11 10
12 6 B 4 7 3 15 1 13 9 8 11 2 14 5 10
8 1 7 12 11 B 10 5 9 15 6 13 14 2 3 4
9 B 4 10 1 14 15 3 12 6 5 7 11 13 8 2
11 5 1 14 4 12 10 B 2 7 13 3 9 15 6 8
8 13 10 9 11 3 15 6 B 1 2 14 12 5 4 7
4 5 7 2 9 14 12 13 B 3 6 11 8 1 15 10
11 15 14 13 1 9 10 4 3 6 2 12 7 5 8 B
12 9 B 6 8 3 5 14 2 4 11 7 10 1 15 13
3 14 9 7 12 15 B 4 1 8 5 6 11 10 2 13
8 4 6 1 14 12 2 15 13 10 9 5 3 7 B 11
6 10 1 14 15 8 3 5 13 B 2 7 4 9 11 12
8 11 4 6 7 3 10 9 2 12 15 13 B 1 5 14
10 B 2 4 5 1 6 12 11 13 9 7 15 3 14 8
12 5 13 11 2 10 B 9 7 8 4 3 14 6 15 1

