10 2 8 4 15 B 1 14 11 13 3 6 9 7 5 12
10 8 B 12 3 7 6 2 1 14 4 11 15 13 9 5
14 9 12 13 15 4 8 10 B 2 1 7 3 11 5 6
12 11 B 8 10 2 13 15 5 4 7 3 6 9 14 1
13 8 14 3 9 1 B 7 15 5 4 10 12 2 6 11
3 15 2 5 11 6 4 7 12 9 1 B 13 14 10 8
5 11 6 9 4 13 12 B 8 2 15 10 1 7 3 14
5 B 15 8 4 6 1 14 10 11 3 9 7 12 2 13
15 14 6 7 10 1 B 11 12 8 4 9 2 5 13 3
11 14 13 1 2 3 12 4 15 7 9 5 10 6 8 B
6 13 3 2 11 9 5 10 1 7 12 14 8 4 B 15
4 6 12 B 14 2 9 13 11 8 3 15 7 10 1 5
8 10 9 11 14 1 7 15 13 4 B 12 6 2 5 3
5 2 14 B 7 8 6 3 11 12 13 15 4 10 9 1
7 8 3 2 10 12 4 6 11 13 5 15 B 1 9 14
11 6 14 12 3 5 1 15 8 B 10 13 9 7 4 2
7 1 2 4 8 3 6 11 10 15 B 5 14 12 13 9
7 3 1 13 12 10 5 2 8 B 6 11 14 15 4 9
6 B 5 15 1 14 4 9 2 13 8 10 11 12 7 3
15 1 3 12 4 B 6 5 2 8 14 9 13 10 7 11
5 7 B 11 12 1 9 10 15 6 2 3 8 4 13 14
12 15 11 10 4 5 14 B 13 7 1 2 9 8 3 6
6 14 10 5 15 8 7 1 3 4 2 B 12 9 11 13
14 13 4 11 15 8 6 9 B 7 3 1 2 10 12 5
14 4 B 10 6 5 1 3 9 2 13 15 12 7 8 11

