16 14 13 27 1 26 23 12 4 6 18 22 17 15 25 3 5 9 2 8 20 24 7 19 0 10 21 11
15 18 23 27 10 25 21 12 5 26 24 9 19 20 11 17 8 4 6 0 1 7 22 2 13 3 16 14
11 17 25 2 27 12 19 21 1 5 8 16 3 14 23 0 4 24 9 22 10 18 6 13 26 15 20 7
18 5 9 7 10 4 26 2 11 3 1 0 8 14 13 27 20 6 24 21 19 16 17 22 23 15 12 25
5 12 10 11 27 18 20 22 14 2 9 23 4 24 17 1 8 25 19 21 7 0 15 26 16 3 13 6
22 17 13 6 24 11 25 18 14 5 3 8 26 10 7 16 2 19 12 23 0 21 15 9 1 20 27 4
1 0 14 4 25 19 16 9 13 21 5 6 18 15 17 11 8 27 23 24 20 10 2 3 22 7 12 26
0 6 1 10 5 13 11 14 19 16 27 2 21 22 24 8 12 23 7 3 20 4 26 9 17 18 25 15
10 7 8 21 14 17 27 26 18 20 9 4 5 1 6 13 11 24 23 2 12 15 16 0 22 3 25 19
26 18 7 25 13 10 1 20 16 19 3 15 14 9 11 2 5 17 23 8 22 6 0 4 24 21 12 27
22 20 26 7 21 0 10 3 27 15 13 17 2 16 14 25 9 4 19 5 24 11 18 23 1 12 6 8
19 20 8 23 21 27 6 2 11 9 1 22 24 26 7 10 5 17 14 0 16 13 4 3 25 12 15 18
10 5 25 9 6 21 4 24 27 19 11 1 22 2 0 23 18 12 3 14 8 13 15 20 26 7 16 17
19 23 18 1 13 26 24 0 12 25 8 7 3 11 5 27 14 15 2 4 21 10 6 17 16 20 9 22
2 1 26 27 3 5 11 12 21 24 16 22 7 13 9 15 18 19 6 25 4 8 14 10 20 0 17 23
7 12 16 3 21 6 10 15 8 24 5 20 22 25 4 23 26 1 13 11 0 27 17 14 2 19 18 9
5 19 12 10 1 18 20 27 16 22 2 25 0 6 7 13 24 8 21 11 9 23 3 4 26 17 15 14
11 24 12 27 6 25 26 2 4 10 20 21 7 17 13 16 19 1 5 9 22 0 8 18 3 14 23 15
16 13 11 7 4 8 12 1 26 3 6 25 27 22 5 9 20 2 24 23 10 14 15 19 17 21 0 18
27 18 2 1 17 15 7 24 16 8 11 26 10 3 12 25 4 22 21 14 5 0 13 6 19 23 20 9
19 23 6 27 3 9 26 10 25 13 15 2 14 24 21 0 17 4 5 22 1 7 12 20 16 18 8 11
27 1 26 7 19 15 9 21 11 13 20 5 23 3 4 14 6 16 8 24 12 18 25 0 10 17 22 2
27 9 20 2 5 0 21 1 6 25 24 12 18 3 8 7 10 26 13 16 4 11 23 14 22 19 17 15
10 2 24 21 20 23 1 19 12 22 9 6 13 25 17 0 4 27 7 5 15 8 14 26 16 11 18 3
6 8 15 2 13 1 27 4 18 21 14 25 16 24 12 23 10 22 26 11 7 19 17 0 9 20 3 5
5 1 8 10 17 15 27 23 13 18 9 3 21 6 19 25 16 20 24 4 0 12 11 7 26 2 14 22
18 0 6 12 20 3 27 26 8 10 15 11 14 21 25 1 5 17 9 4 16 7 24 23 19 22 2 13
2 6 4 0 17 1 13 26 7 24 8 10 16 23 19 20 27 9 22 3 14 12 5 21 15 25 11 18
