1 18 9 22 19 12 16 11 26 20 13 14 5 25 24 17 6 2 10 0 4 21 7 8 15 23 27 3
14 2 27 3 1 10 8 15 19 16 26 12 24 7 21 4 0 6 22 13 23 5 11 9 18 17 20 25
5 27 18 10 4 22 19 13 9 2 0 26 8 1 17 7 25 11 21 20 15 16 12 6 23 24 3 14
2 4 10 26 6 18 1 17 11 14 19 22 0 15 23 21 16 13 27 24 8 25 7 3 12 20 5 9
7 25 2 26 11 24 1 0 4 8 10 19 18 5 27 17 13 21 15 6 14 9 12 3 16 23 22 20
8 2 13 3 11 4 19 17 9 18 27 25 23 22 14 1 15 12 26 0 5 16 6 10 24 21 20 7
6 12 7 17 15 20 3 24 16 18 8 10 21 22 9 19 4 0 11 27 2 26 13 1 25 14 23 5
9 21 19 8 7 6 12 13 1 3 26 4 15 5 22 23 11 16 25 27 14 0 10 17 18 24 2 20
11 17 27 4 21 2 23 16 26 7 24 18 6 25 19 1 0 10 9 15 12 5 13 8 14 3 22 20
0 12 23 18 22 6 25 4 7 8 2 3 1 11 16 9 17 26 20 21 13 27 10 14 5 24 19 15
8 3 11 9 2 21 23 24 1 13 19 27 6 5 7 17 22 10 14 25 26 15 18 4 20 0 12 16
13 10 1 18 23 27 8 6 17 21 12 2 16 7 25 11 15 22 0 5 9 14 20 3 26 24 4 19
8 7 12 24 25 5 23 4 13 0 27 18 14 19 16 2 15 1 21 26 20 6 10 3 22 11 9 17
21 6 4 17 23 20 13 12 5 22 8 7 18 14 27 16 9 24 25 15 3 1 10 11 26 0 2 19
5 27 25 16 15 20 22 8 24 14 18 26 6 11 21 9 3 4 17 19 7 10 23 13 0 12 2 1
14 20 12 4 9 8 3 7 5 13 26 2 23 22 21 18 25 19 6 17 27 11 15 0 10 1 24 16
3 19 10 21 26 16 23 24 5 7 18 22 11 8 15 1 4 20 9 12 0 2 27 25 14 13 17 6
11 24 4 16 18 10 1 15 0 13 3 9 23 12 20 19 26 27 7 17 25 21 6 2 14 8 22 5
19 20 2 9 16 14 27 12 24 26 3 0 25 11 17 5 21 22 10 4 8 23 1 18 7 13 15 6
3 26 4 6 22 14 25 11 13 21 0 17 10 5 7 24 19 9 2 23 1 15 12 18 20 8 16 27
14 5 1 16 19 23 15 4 8 20 6 17 24 2 10 25 0 7 18 21 11 13 9 3 27 26 12 22
25 14 11 17 3 9 7 26 5 1 0 21 20 8 24 18 10 16 27 23 4 6 15 22 19 2 12 13
17 20 25 19 5 12 10 7 6 3 9 11 0 24 26 18 4 14 22 21 13 2 27 1 23 8 16 15
4 14 3 11 7 12 0 21 19 1 8 27 16 10 9 18 25 13 20 17 22 23 5 2 24 6 15 26
4 18 23 25 20 7 24 6 16 11 27 17 19 3 13 12 2 1 0 15 22 26 8 9 21 10 14 5
15 0 5 23 20 4 1 10 16 7 24 26 25 27 9 14 13 8 18 11 2 22 6 12 17 3 21 19
21 3 13 20 26 23 16 17 18 25 4 6 15 1 9 5 19 7 0 27 24 22 10 2 12 14 8 11
