11 0 7 2 1 3 25 4 20 16 12 17 26 19 5 13 10 9 21 14 18 8 23 27 22 15 6 24
4 22 23 2 14 6 20 18 27 21 3 15 16 17 1 12 10 24 11 13 5 9 19 25 26 7 0 8
7 5 27 2 22 16 25 26 13 23 3 17 15 21 12 24 10 9 14 19 1 4 8 0 18 20 6 11
19 27 21 25 12 11 5 20 9 14 6 2 1 26 16 8 22 7 18 15 0 24 10 13 3 4 23 17
4 24 26 18 23 7 2 3 6 0 12 8 15 25 21 17 5 1 13 22 16 10 20 27 11 14 9 19
19 5 0 15 13 18 17 27 20 4 1 21 26 11 24 23 10 3 8 16 25 22 14 12 2 7 9 6
24 14 2 0 18 6 25 22 7 5 10 12 16 1 11 20 19 8 4 13 21 23 27 3 15 17 26 9
8 13 27 2 3 10 0 26 15 18 21 12 4 6 17 14 16 23 24 7 9 25 1 11 20 19 5 22
17 13 10 15 23 3 9 12 0 25 18 6 14 27 22 21 20 19 7 2 5 24 4 8 26 1 16 11
19 6 1 22 25 21 8 5 27 12 24 3 7 23 17 10 9 4 11 14 0 26 15 18 20 13 2 16
24 6 5 2 18 4 23 15 22 14 11 27 26 17 10 20 16 3 8 13 7 1 21 19 25 12 0 9
25 26 0 27 6 3 18 15 16 4 8 17 23 1 9 5 21 2 19 12 11 7 10 20 13 14 24 22
21 14 1 10 22 18 2 25 8 27 15 6 5 12 0 24 17 4 20 19 11 23 13 7 3 16 26 9
27 5 9 1 24 16 15 21 22 11 25 2 13 10 18 12 20 17 6 26 19 4 0 8 23 3 7 14
25 3 14 12 1 16 20 21 24 15 2 23 6 11 22 17 10 13 8 0 19 7 18 5 27 9 4 26
24 10 11 26 8 27 0 6 15 25 5 1 14 7 17 13 21 2 23 4 3 12 9 16 22 19 20 18
1 12 25 22 14 4 3 24 27 11 2 5 21 6 9 26 7 19 17 18 13 8 0 15 16 20 10 23
19 14 4 6 23 15 2 1 0 8 7 22 17 5 12 10 25 18 21 26 9 3 11 13 27 20 24 16
21 1 16 17 15 14 20 27 25 4 8 22 24 9 10 11 6 23 5 13 0 19 18 12 2 7 3 26
7 18 27 20 11 8 9 15 3 26 16 5 14 21 4 23 2 1 22 25 0 13 10 6 17 19 12 24
5 19 11 16 0 18 8 25 27 21 2 24 20 7 9 10 1 22 6 15 26 23 4 14 13 17 12 3
27 0 24 8 18 4 9 2 14 21 1 11 22 20 10 19 25 7 12 23 6 5 26 16 13 15 17 3
26 24 17 7 21 4 20 14 13 10 3 27 9 16 18 1 23 19 2 15 8 12 0 5 22 6 25 11
15 3 2 19 11 14 13 22 26 20 17 1 0 6 16 12 7 24 9 4 21 8 27 18 5 23 10 25
4 18 2 24 21 14 17 13 7 15 26 22 19 6 27 1 11 25 20 0 10 8 3 12 5 9 23 16
15 5 7 24 4 3 18 1 13 17 10 26 16 22 19 25 14 6 27 2 8 11 0 20 23 9 12 21
20 9 2 16 25 13 10 14 0 21 24 22 17 11 3 6 18 1 15 26 27 5 23 8 7 19 12 4

